1791057835.16   0.0
1791057835.49   7.2
1791057835.82  31.1
1791057836.15  36.1
1791057836.48  36.8
1791057836.82  38.1
1791057837.15  38.5
1791057837.48  37.7
1791057837.82  39.1
1791057838.15  38.2
1791057838.49  40.3
1791057838.82  39.5
1791057839.15  38.6
1791057839.48  38.0
1791057839.82  38.0
1791057840.16  38.5
1791057840.49  40.2
1791057840.82  39.9
1791057841.16  38.0
1791057841.49  39.0
1791057841.82  39.3
1791057842.16  40.1
1791057842.49  42.0
1791057842.82  39.6
1791057843.15  40.6
1791057843.49  36.7
1791057843.83   9.4
1791057844.19   4.8
1791057844.54   1.2
1791057844.88  16.2
1791057845.24  17.5
1791057845.60   4.1
1791057845.96   0.9
1791057846.32   0.1
1791057846.65  16.0
1791057846.99  40.2
1791057847.32  54.7
1791057847.66  58.1
1791057847.99  55.9
1791057848.32  59.5
1791057848.65  58.4
1791057848.99  58.7
1791057849.32  58.6
1791057849.65  60.8
1791057849.98  58.5
1791057850.32  58.3
1791057850.65  59.9
1791057850.98  59.4
1791057851.31  60.3
1791057851.64  55.8
1791057851.97  57.0
1791057852.30  53.4
1791057852.64  51.0
1791057852.97  52.7
1791057853.30  50.9
1791057853.63  52.5
1791057853.96  51.6
1791057854.29  51.6
1791057854.62  52.9
1791057854.97  15.2
1791057855.33   4.6
1791057855.70   1.3
